ACTIVE_PART_STACK__BODY_BACKGROUND_COLOR=0.0, 0.05851064, 0.12765956
ACTIVE_PART_STACK__HEADER_BACKGROUND_COLOR=0.0, 0.2287234, 0.24468082, 0|0.0, 0.0, 0.7606383, 100
INACTIVE_PART_STACK__BODY_BACKGROUND_COLOR=0.0, 0.3776596, 0.15425533
OTHERS__DRAG_FEEDBACK_COLOR=235.8188, 1.0, 1.0
TEXT_EDITOR__UNDER_LINE_STYLE=0
WINDOW__PERSPECTIVE_SWITCHER_FILL_COLOR=0.0, 0.0, 0.0, 0|0.0, 0.0, 0.3529412, 48|0.0, 0.0, 0.3529412, 100
WINDOW__PERSPECTIVE_SWITCHER_TEXT_COLOR=24.532019, 0.3617021, 0.19680852
WINDOW__STATUS_BAR_FILL_COLOR=0.0, 0.0, 0.6648936, 5|0.0, 0.0, 0.81960785, 5|0.0, 0.0, 1.0, 5|0.0, 0.0, 1.0, 24|0.0, 0.0, 0.93085104, 62|0.0, 0.0, 0.87234044, 100
WINDOW__TOOLBAR_FILL_COLOR=0.0, 0.11170213, 0.23404253, 68|0.0, 0.0, 0.84042555, 100
eclipse.preferences.version=1
